62
70
100
8
95
15
39
57
35
96
88
67
4
27
61
34
13
48
51
24
45
68
22
84
75
22
74
64
45
85
13
47
54
19
89
51
76
55
12
3
100
67
0
80
27
96
23
14
0
91
74
75
96
60
18
63
99
91
31
15
51
3
54
29
12
37
65
57
52
88
21
64
48
54
62
99
53
93
19
55
96
64
17
98
78
68
45
98
28
44
46
62
40
27
32
20
0
8
12
34
98
20
96
26
7
99
64
31
2
10
65
69
2
49
51
53
9
57
31
5
9
82
40
99
96
36
61
90
63
8
32
43
15
79
99
17
41
31
100
66
56
34
74
52
41
28
45
92
67
54
6
55
47
58
35
100
7
8
67
9
4
63
49
52
57
75
48
29
87
43
29
19
35
6
31
85
15
34
70
28
38
48
33
82
48
32
64
7
66
25
24
22
85
61
54
14
79
44
86
59
64
94
36
7
18
14
26
93
75
5
6
49
49
85
35
88
88
3
27
63
76
5
1
64
60
73
79
49
23
85
63
29
83
97
19
92
87
38
42
85
79
0
38
88
95
30
11
88
90
22
75
68
67
79
35
70
39
21
52
4
14
95
51
45
50
0
16
82
85
88
68
59
40
30
5
7
5
43
85
86
64
4
68
22
77
19
20
76
77
26
89
36
92
85
92
33
36
91
41
78
